2.10334    -1963.96 1136.2 692.905
2.3038    -1966.15 1134.92 693.773
2.50521    -1961.74 1134.05 691.517
2.70659    -1953.63 1131.7 689.212
2.90805    -1956.76 1132.17 689.342
3.10949    -1964.76 1134.16 692.307
3.31003    -1970.66 1135.32 696.997
3.5105    -1969.39 1136.11 694.524
3.71194    -1971.42 1135.28 697.327
3.91342    -1980.81 1139.34 700.181
4.1139    -1969.66 1134.45 695.979
4.31541    -1972.98 1135.1 696.329
4.51687    -1842.5 1143.07 610.706
4.71829    -1843.73 1142.58 611.51
4.91982    -1966.79 1135.03 694.229
5.12022    -1954.77 1132.66 686.652
5.32165    -1964.24 1139.04 688.784
5.5222    -1966.39 1134.17 693.454
5.72366    -1968.06 1136.77 693.426
5.92516    -1969.68 1136.88 692.737
6.12561    -1963.29 1131.48 691.785
6.32608    -1965.96 1136.49 693.682
6.52657    -1961.85 1134.16 688.71
6.72795    -1877.67 1156.74 628.894
6.92939    -1873.69 1157.07 626.227
7.12979    -1961.87 1134 695.061
7.33027    -1970.19 1136.53 695.597
7.53076    -1966.52 1136.44 692.912
7.73225    -1966.47 1136.37 692.357
7.93267    -1964.92 1133.45 695.162
8.13314    -1978.36 1138.24 699.024
8.33355    -1959.03 1132.28 690.723
8.53501    -1868.23 1146.83 624.604
8.73539    -1975.87 1136.92 698.672
8.93586    -1971.36 1135.18 696.497
9.13738    -1967.22 1135.25 694.705
9.33883    -1869.76 1144.68 628.34
9.54028    -1865 1144.66 622.881
9.74174    -1855.15 1140.27 619.588
9.94319    -1962.17 1134.47 690.722
10.1437    -1962.24 1135.1 690.715
10.3441    -1968.43 1133.9 695.438
10.5446    -1954.38 1133.79 685.109
10.746    -1957.17 1133.01 688.283
10.9475    -1862.02 1143 622.324
11.149    -1955.48 1131.98 688.293
11.3505    -1952.21 1130.59 683.756
11.5509    -1967.39 1133.47 695.295
11.7514    -1963.69 1131.81 693.547
11.9518    -1956.18 1132.15 689.462
12.1523    -1948.6 1127.86 686.782
12.3528    -1941.89 1124.51 690.931
12.5532    -1989.52 1143.31 704.928
12.7547    -1955.93 1131.04 690.872
12.9561    -2004.82 1149.81 716.081
13.1566    -1972.63 1135.84 698.066
13.3581    -1964.58 1136.86 692.151
13.5595    -1969.85 1137.29 696.019
13.76    -1862.18 1147.9 620.9
13.9605    -1960.7 1133.14 691.174
14.162    -1972.25 1134.5 695.484
14.3634    -1856.71 1141.44 599.626
14.5638    -1961.05 1130.82 702.398
15.5671    -1922.95 928.032 56.6813
15.7676    -2021.79 886.473 -60.4669
15.969    -2070.62 830.402 -159.623
16.1705    -2059.95 752.758 -246.887
16.371    -2074.17 678.301 -233.034
16.5715    -2113.32 571.258 -92.3174
17.3753    -1811.03 191.013 481.395
18.7816    -1884.3 168.841 613.403
18.983    -1864.16 169.766 606.367
19.1845    -1847.24 167.979 588.057
19.3859    -1859.47 163.359 596.772
19.5863    -1857.9 166.953 592.979
19.7868    -1852.32 169.452 591.048
19.9883    -1894.93 138.247 647.616
20.1887    -1896.26 140.333 647.037
20.3891    -1853.79 164.433 590.257
20.5906    -1842.85 167.342 584.83
20.7921    -1854.68 170.616 597.03
20.9936    -1853.34 169.135 592.734
21.1951    -1856.11 170.39 599.369
21.3955    -1968.09 123.841 694.414
21.5969    -1959.45 122.56 701.535
21.7984    -1852.93 172.075 598.547
21.9987    -1850.76 172.925 597.318
22.2002    -1852.56 172.122 599.872
22.4006    -1911 139.073 667.354
22.6021    -1921.91 134.644 674.633
22.8035    -1924.78 134.344 676.784
23.004    -1922.32 136.239 674.599
23.2044    -1922.78 136.936 675.137
23.4066    -1915.83 136.828 672.423
23.6067    -1911.89 138.668 665.685
23.8071    -1971.56 118.101 706.143
24.0086    -1924.46 137.14 676.276
24.209    -1923.55 136.627 675.59
24.4105    -1925.67 136.822 677.972
24.611    -1921.87 137.131 671.005
24.8124    -1870.59 158.41 638.149
25.0128    -1905.18 143.322 664.374
25.2143    -1912.77 138.111 670.269
25.4148    -1912.28 138.538 669.675
25.6152    -1905.19 141.994 664.916
25.8166    -1915.07 135.57 673.855
26.0171    -1912.18 142.024 670.632
26.2175    -1918.38 141.175 671.15
26.418    -1922.76 136.893 675.539
26.6184    -1906.02 142.062 663.888
26.819    -1913.02 140.902 667.526
27.0205    -1910.04 138.87 666.549
27.221    -1923.5 136.902 673.879
27.4213    -1905.22 140.9 663.271
27.6228    -1909.23 144.019 664.9
27.8232    -1915.98 140.279 671.162
28.0236    -1914.13 141.575 667.25
28.2251    -1908.61 140.515 665.074
28.4257    -1921.49 136.702 674.021
28.6271    -1870.37 155.817 642.685
28.8276    -1916.78 140.026 670.927
29.0291    -1860.56 158.932 636.526
29.2306    -1910.91 143.887 666.415
29.432    -1971.15 115.391 704.635
29.6335    -1868.76 157.287 641.121
29.835    -1857.64 158.958 634.23
30.0354    -1920.27 137.184 672.001
30.2359    -1917 137.932 671.764
30.4363    -1927.24 137.667 676.488
30.6368    -1960.88 122.835 698.93
30.8382    -1956.4 122.408 695.944
31.0397    -1966.29 118.27 703.44
31.2402    -1914.62 139.532 668.96
31.4406    -1917.42 140.902 671.053
31.6411    -1921.5 136.988 673.422
31.8426    -1927.9 138.753 677.705
32.0439    -1919.48 141.506 674.099
32.2443    -1867.49 157.432 640.837
32.4457    -1906.52 140.869 666.84
32.6462    -1902.12 141.242 663.721
32.8467    -1913.13 140.397 669.436
33.0481    -1909.32 140.545 667.443
33.2485    -1917.7 138.979 673.12
33.45    -1928.76 136.93 679.527
33.6514    -1969.83 117.49 705.557
33.8529    -1920.3 138.572 672.794
34.0533    -1912.98 139.862 670.74
34.2538    -1921.22 137.094 674.634
34.4553    -1973.11 116.833 707.422
34.6557    -1973.26 117.81 707.76
34.8572    -1920.68 139.907 673.282
35.0577    -1913.66 140.208 670.76
35.2591    -1905.31 141.749 665.609
35.4596    -1924.75 134.259 677.27
35.661    -1912.11 141.843 667.168
35.8615    -1886.08 153.191 649.43
36.063    -1971.57 118.732 701.993
36.2634    -1926.28 135.779 672.597
36.4649    -1922.2 136.191 672.658
36.6663    -1918.34 136.572 674.134
36.8678    -1873.6 154.331 643.131
37.0693    -1922.14 139.686 674.243
37.2708    -1869.19 156.381 641.196
37.4722    -1909.54 140.413 666.751
37.6727    -1866.62 155.817 640.899
37.8742    -1905.29 143.097 661.039
38.0746    -1903.4 142.076 663.35
38.2761    -1906.92 139.172 667.71
38.4765    -1915.95 136.717 672.875
38.677    -1966.6 119.324 701.406
38.8785    -1964.81 119.944 702.304
39.08    -1906.83 139.175 666.371
39.2803    -1914.25 138.626 670.693
39.4808    -1915.27 138.89 670.413
39.6813    -1912.23 140.5 668.266
39.8817    -1905.58 141.866 665.763
40.0822    -1915.3 138.807 670.268
40.2837    -1919.35 139.005 671.26
40.4842    -1923.61 137.215 676.065
40.6846    -1919.35 136.579 673.838
40.8862    -1920.63 139.551 673.547
41.0866    -1922.69 134.928 676.016
41.2881    -1907.05 142.279 665.118
41.4895    -1910.17 138.954 668.337
41.691    -1912.55 139.862 668.88
41.8924    -1924.56 136.321 675.357
42.0929    -1917.42 140.405 669.913
42.2934    -1868.6 157.784 640.628
42.4939    -1971.96 118.705 704.67
42.6953    -1915.25 139.882 669.95
42.8957    -1920.17 139.337 671.996
43.0962    -1919.29 136.785 671.013
43.2967    -1916.94 138.665 670.863
43.4982    -1913.45 139.352 668.871
43.6996    -1921.61 137.541 673.568
43.9011    -1921.62 137.514 673.66
44.1025    -1911.24 138.979 666.808
44.304    -1916.77 140.139 670.116
44.5044    -1923.63 137.722 673.905
44.7049    -1919.46 138.485 671.567
44.9053    -1915.97 136.677 671.671
45.1058    -1909.92 139.878 665.169
45.3063    -1919.8 137.817 668.493
45.5078    -1916.87 140.546 669.965
45.7082    -1920.45 137.939 668.512
45.9088    -1918.15 138.467 671.025
46.1092    -1922.39 136.011 674.138
46.3106    -1923.83 137.815 670.253
46.5121    -1921 138.718 668.445
46.7125    -1916.1 140.478 665.688
46.913    -1908.73 138.383 665.976
47.1134    -1911.36 140.833 664.677
47.3139    -1905.39 141.373 662.542
47.5143    -1919.15 139.39 669.307
47.7158    -1917.99 139.19 670.047
47.9162    -1913.08 140.597 668.341
48.1177    -1920.76 137.134 672.874
48.3182    -1910.78 139.85 667.222
48.5187    -1932.57 132.381 681.196
48.7202    -1907.02 140.088 663.315
48.9216    -1915.86 140.388 669.783
49.1221    -1916.39 139.71 669.53
49.3236    -1912.13 142.211 668.057
49.5241    -1922.61 137.611 675.132
49.7247    -1916.46 139.768 672.108
49.9251    -1926.4 135.807 676.946
50.1266    -1917.72 139.804 671.404
50.3272    -1908.64 140.065 667.616
50.5276    -1919.97 136.144 675.015
50.7281    -1922.25 135.169 674.934
50.9296    -1918.87 137.859 672.726
51.1311    -1921.68 139.097 674.698
51.3326    -1919.26 137.792 672.676
51.5331    -1919.82 138.223 673.299
51.7346    -1910.79 143.034 666.472
51.9351    -1911.98 141.513 668.006
52.1356    -1910.63 138.731 668.804
52.336    -1908.8 139.492 666.794
52.5364    -1916.19 136.303 671.579
52.7368    -1910.3 141.351 666.032
52.9373    -1909.39 141.921 667.316
53.1378    -1917.81 139.59 671.587
53.3383    -1908.69 139.398 668.557
53.5396    -1929.9 138.143 680.15
53.7411    -1933.12 136.289 680.59
53.9426    -1912.48 139.66 668.75
54.143    -1915.58 142.016 671.915
54.3435    -1904.01 143.899 665.763
54.544    -1900.12 143.641 656.672
54.7444    -1912.77 139.632 669.38
54.9449    -1908.71 140.107 667.013
55.1454    -1914.5 137.86 670.935
55.346    -1912.57 138.854 670.355
